#
level0
20,12
0,0,0,0,1,1,1,1,0,0,0,0,1,1,1,1,0,0,0,0,0,0,1,1,0,0,1,1,0,0,0,0,1,1,0,0,1,1,0,0,0,0,1,1,4,4,0,0,0,0,0,0,0,0,4,4,1,1,0,0,0,0,1,1,1,1,1,1,0,0,0,0,1,1,1,1,1,1,0,0,0,0,0,0,1,1,1,1,0,0,0,0,1,1,1,1,0,0,0,0,0,0,0,0,0,0,0,0,0,0,0,0,0,0,0,0,0,0,0,0,0,0,0,0,0,0,0,0,0,0,0,0,0,0,0,0,0,0,0,0,0,0,0,0,0,0,0,0,0,0,0,0,0,0,0,0,0,0,0,0,0,0,0,0,0,0,0,0,0,0,0,0,0,0,0,0,0,0,0,0,0,0,0,0,0,0,0,0,0,0,0,0,0,0,0,0,0,0,0,0,0,0,0,0,0,0,0,0,0,0,0,0,0,0,0,0,0,0,0,0,0,0,0,0,0,0,0,0,0,0,0,0,0,0,0,0,0,0,0,0

#
level1
20,12
0,0,3,3,1,1,1,1,5,5,1,1,1,1,1,1,3,3,0,0,0,0,2,2,0,0,1,1,1,1,1,1,1,1,0,0,2,2,0,0,0,0,3,3,0,0,1,1,1,1,1,1,1,1,0,0,3,3,0,0,0,0,2,2,0,0,0,0,1,1,5,5,0,0,0,0,2,2,0,0,0,0,2,2,2,2,2,2,0,0,0,0,2,2,2,2,2,2,0,0,0,0,0,0,0,0,0,0,0,0,0,0,0,0,0,0,0,0,0,0,0,0,0,0,0,0,0,0,0,0,0,0,0,0,0,0,0,0,0,0,0,0,0,0,0,0,0,0,0,0,0,0,0,0,0,0,0,0,0,0,0,0,0,0,0,0,0,0,0,0,0,0,0,0,0,0,0,0,0,0,0,0,0,0,0,0,0,0,0,0,0,0,0,0,0,0,0,0,0,0,0,0,0,0,0,0,0,0,0,0,0,0,0,0,0,0,0,0,0,0,0,0,0,0,0,0,0,0,0,0,0,0,0,0,0,0,0,0,0,0

#
level2
20,12
0,0,0,1,1,1,1,1,1,1,1,1,1,1,1,1,1,0,0,0,0,1,1,1,1,5,5,0,0,1,1,3,3,0,0,5,5,1,1,0,0,0,0,1,1,1,1,0,0,2,2,4,4,2,2,1,1,0,0,0,0,0,0,1,1,1,1,0,0,5,5,2,2,0,0,1,1,0,0,0,0,8,8,2,2,2,2,1,1,0,0,0,0,1,1,2,2,8,8,0,0,0,0,0,0,2,2,1,1,0,0,0,0,1,1,2,2,0,0,0,0,0,0,0,0,2,2,2,2,1,1,1,1,2,2,2,2,0,0,0,0,0,0,0,0,0,0,1,1,1,1,1,1,0,0,0,0,0,0,0,0,5,5,0,0,0,0,0,0,2,2,2,2,0,0,0,0,5,5,0,0,0,0,0,0,0,0,0,0,0,0,0,0,0,0,0,0,0,0,0,0,0,0,0,0,0,0,0,0,0,0,0,0,0,0,0,0,0,0,0,0,0,0,0,0,0,0,0,0,0,0,0,0,0,0,0,0,0,0,0

#
level3
20,12
0,0,1,1,3,3,2,2,0,0,0,0,2,2,3,3,1,1,0,0,0,0,2,2,4,4,2,2,1,1,1,1,2,2,1,1,2,2,0,0,0,0,1,1,2,2,1,1,0,0,0,0,1,1,2,2,1,1,0,0,0,0,0,0,9,9,0,0,1,1,1,1,0,0,9,9,0,0,0,0,0,0,1,1,0,0,1,1,5,5,4,4,1,1,0,0,1,1,0,0,0,0,0,0,1,1,0,0,1,1,1,1,0,0,1,1,0,0,0,0,0,0,1,1,0,0,1,1,1,1,1,1,1,1,0,0,1,1,0,0,0,0,0,0,1,1,0,0,0,9,9,0,0,0,1,1,0,0,0,0,0,0,8,8,1,1,1,1,2,2,2,2,1,1,1,1,6,6,0,0,0,0,0,0,0,0,0,0,0,0,0,0,0,0,0,0,0,0,0,0,0,0,0,0,0,0,0,0,0,0,0,0,0,0,0,0,0,0,0,0,0,0,0,0,0,0,0,0,0,0,0,0,0,0,0,0,0,0,0,0

#
level4
20,12
0,0,0,0,0,0,0,0,0,4,4,0,0,0,0,0,0,0,0,0,0,0,10,0,10,0,10,0,0,8,8,0,0,10,0,10,0,10,0,0,1,1,4,4,0,0,0,1,1,5,5,1,1,0,0,0,4,4,1,1,0,1,1,10,0,10,0,2,2,6,6,2,2,0,10,0,10,1,1,0,0,0,0,0,0,0,0,0,0,0,0,0,0,0,0,0,0,0,0,0,0,0,1,1,0,1,1,0,0,11,11,0,0,1,1,0,1,1,0,0,0,0,9,9,1,1,9,9,0,1,1,0,9,9,1,1,9,9,0,0,0,9,9,6,6,9,9,0,0,0,0,0,0,9,9,5,5,9,9,0,0,0,0,0,0,0,0,0,0,1,1,0,0,0,0,0,0,0,0,0,0,0,0,0,0,0,0,0,0,9,9,0,0,0,0,0,0,0,0,0,0,0,0,0,0,0,0,0,0,0,0,0,0,0,0,0,0,0,0,0,0,0,0,0,0,0,0,0,0,0,0,0,0,0,0,0,0,0,0,0

#
level5
20,12
0,0,0,8,8,10,0,0,0,4,4,0,0,5,5,0,8,8,0,0,1,1,1,1,10,0,0,10,0,1,1,11,1,1,9,9,1,1,1,1,0,5,5,0,0,13,12,12,12,3,3,1,1,13,0,0,0,0,0,0,0,0,0,10,5,5,0,10,12,2,2,12,10,10,6,6,9,9,5,5,0,1,1,11,8,8,0,2,2,3,3,2,2,0,0,1,1,11,1,1,0,0,1,1,10,0,10,0,0,2,2,0,10,0,0,0,9,9,0,0,0,0,9,9,0,0,0,0,9,9,0,0,0,9,9,0,0,0,0,0,11,11,11,11,11,11,11,11,11,11,11,11,11,11,11,11,11,11,11,11,0,0,0,0,0,0,0,0,0,0,0,0,0,0,0,0,0,0,0,0,0,0,0,0,0,0,0,0,0,0,0,0,0,0,0,0,0,0,0,0,6,6,0,0,0,0,0,0,0,0,0,0,0,0,0,0,0,0,8,8,0,0,0,0,0,0,0,0,0,0,0,0,0,0,0,0,0,0,0,0

#
level6
20,12
0,5,5,1,1,1,1,2,2,2,2,2,2,3,3,2,2,6,6,15:32,8,8,1,1,4,4,0,0,0,11,0,6,6,2,2,0,0,0,0,0,1,1,10,0,10,0,1,1,11,12,11,0,0,0,0,13,0,0,0,0,0,0,0,10,0,10,1,1,0,11,0,0,12,12,12,0,0,0,9,9,9,9,9,9,9,9,0,0,9,9,9,9,0,12,0,0,9,9,1,1,0,10,0,10,0,10,1,1,10,1,1,10,0,12,12,0,1,1,5,5,0,0,10,0,10,0,1,1,0,1,1,0,1,1,12,0,9,9,1,1,0,0,0,10,0,0,2,2,0,1,1,0,1,1,12,0,11,12,9,9,0,0,0,0,10,0,1,1,0,2,2,0,1,1,12,0,0,0,11,0,0,0,0,0,0,0,5,5,0,5,5,0,0,2,2,0,0,0,0,12,14:30,14:30,0,0,0,0,0,0,0,0,0,0,0,3,3,0,0,0,0,0,0,0,0,0,0,0,8,8,0,0,0,0,0,2,2,0,0,0,0,0

#
level7
20,12
1,1,5,5,1,1,1,1,1,1,1,1,1,1,1,1,1,1,5,5,0,9,9,1,1,16,16,1,1,1,1,1,1,16,16,1,1,9,9,0,2,2,2,2,3,3,9,9,2,2,2,2,9,9,3,3,2,2,2,2,12,0,0,0,0,0,0,0,0,13,13,0,0,0,0,0,0,0,0,12,12,0,0,1,1,1,1,1,1,4,4,1,1,1,1,1,1,0,0,12,12,0,1,1,1,1,1,1,1,1,1,1,5,5,1,1,1,1,0,12,12,1,1,5,5,1,1,1,1,1,1,1,1,1,1,1,1,1,1,12,1,1,1,1,1,1,1,1,3,3,3,3,1,1,1,1,1,1,8,8,0,1,1,1,1,0,0,2,2,2,2,2,2,0,0,1,1,1,1,0,0,0,1,1,0,14:30,14:30,0,0,0,0,0,0,14:30,14:30,0,1,1,0,0,0,0,0,0,0,0,0,0,0,0,0,0,0,0,0,0,0,0,0,0,0,0,0,0,0,0,0,0,0,0,0,0,0,0,0,0,0,0,0,0

#
level8
20,12
11,1,1,11,0,1,1,0,15:32,8,8,15:31,0,1,1,0,11,1,1,11,0,0,1,1,1,1,0,0,0,10,10,0,0,0,1,1,1,1,0,0,12,0,12,0,12,0,11,0,0,0,10,0,11,0,12,0,12,0,12,0,0,0,0,0,4,4,0,0,0,10,10,0,0,0,4,4,0,0,0,0,0,0,1,1,10,10,1,1,15:31,8,8,15:32,1,1,10,10,1,1,0,0,0,1,1,10,1,1,10,0,0,10,10,0,0,10,1,1,10,1,1,0,0,0,10,10,0,0,10,10,0,10,0,0,10,10,0,0,10,10,0,0,0,0,0,0,0,0,0,0,0,10,10,0,0,0,0,0,0,0,0,0,0,0,0,0,0,0,0,0,0,14:30,14:30,0,0,0,0,0,0,0,0,0,6,6,0,0,1,1,0,0,1,1,0,0,1,1,0,0,1,1,6,6,16,16,1,1,9,9,1,1,9,9,1,1,9,9,1,1,9,9,16,16,0,0,0,0,0,0,0,0,0,0,0,0,0,0,0,0,0,0,0,0

#
level9
20,12
0,8,8,0,0,0,0,0,0,0,0,0,0,0,0,0,6,6,8,8,0,3,3,2,2,2,2,2,2,2,2,2,2,2,2,2,2,1,1,0,0,9,9,14:30,14:30,12,0,12,0,12,0,12,0,12,0,2,2,12,0,0,0,1,1,0,0,1,1,1,1,1,1,1,1,1,1,2,2,0,0,0,0,1,1,2,2,2,2,2,2,2,2,2,2,2,2,2,2,12,0,0,0,1,1,2,2,1,1,1,1,4,4,1,1,1,1,1,1,0,0,0,0,1,1,2,2,1,1,1,1,1,1,1,1,1,1,1,1,0,0,0,0,1,1,2,2,2,2,2,2,2,2,2,2,2,2,2,2,12,0,0,0,1,1,0,0,12,0,12,0,12,0,12,0,12,0,2,2,0,0,0,0,1,1,0,0,0,0,0,0,0,0,0,0,0,0,2,2,12,0,0,0,1,1,0,0,0,0,0,0,14:30,14:30,0,0,0,0,2,2,0,0,0,0,0,0,0,0,0,0,0,0,0,0,0,0,0,0,0,0,0,0,0

#
level100
20,12
0,0,0,0,0,0,0,0,0,0,0,0,0,0,0,0,0,0,0,0,0,0,0,0,0,0,0,0,0,0,0,0,0,0,0,0,1,1,0,0,0,0,0,15:32,0,0,0,0,0,0,0,0,0,0,0,0,1,1,0,0,0,0,0,0,0,0,0,0,0,0,0,0,0,0,0,0,1,1,0,0,14:30,14:30,0,0,0,0,0,0,0,0,0,0,0,0,0,0,1,1,0,0,0,0,0,0,0,0,0,0,0,0,0,0,0,0,0,0,0,0,0,0,0,0,15:31,0,0,0,0,0,0,0,0,0,0,0,0,0,0,0,0,0,0,0,0,0,0,0,0,0,0,0,0,0,0,0,0,0,0,0,0,0,0,0,0,0,0,0,0,0,0,0,0,0,0,0,0,0,0,0,0,0,0,0,0,0,0,0,0,0,0,0,0,0,0,0,0,0,0,0,0,0,0,0,0,0,0,0,0,0,0,0,0,0,0,0,0,0,0,0,0,0,0,0,0,0,0,0,0,0,0,0,0,0,0,0,0,0,0,0,0,0

#
level101
20,12
0,0,0,0,0,0,0,0,0,0,0,0,0,0,0,0,0,0,0,0,0,0,0,0,0,0,0,0,0,0,0,0,0,0,0,0,0,0,0,0,0,0,0,15:32,0,0,0,0,0,0,0,0,1,1,0,0,0,0,0,0,0,0,0,0,0,0,0,0,0,0,0,0,1,1,0,0,0,0,0,0,14:30,14:30,0,0,0,0,0,0,0,0,0,0,1,1,0,0,0,0,0,0,0,0,0,0,0,0,0,0,0,0,0,0,1,1,0,0,0,0,0,0,0,0,15:31,0,0,0,0,0,0,0,0,0,0,0,0,0,0,0,0,0,0,0,0,0,0,0,0,0,0,0,0,0,0,0,0,0,0,0,0,0,0,0,0,0,0,0,0,0,0,0,0,0,0,0,0,0,0,0,0,0,0,0,0,0,0,0,0,0,0,0,0,0,0,0,0,0,0,0,0,0,0,0,0,0,0,0,0,0,0,0,0,0,0,0,0,0,0,0,0,0,0,0,0,0,0,0,0,0,0,0,0,0,0,0,0,0,0,0,0,0

#
level102
20,12
0,0,0,0,0,0,0,0,0,0,0,0,0,0,0,0,0,0,0,0,0,0,0,0,0,0,0,0,0,0,0,0,0,0,0,0,0,0,0,0,0,0,0,15:32,0,0,0,0,0,0,0,0,0,0,0,0,0,0,0,0,0,0,0,0,0,0,0,0,0,0,0,0,0,0,0,0,0,0,0,0,14:30,14:30,0,0,0,0,0,0,0,0,0,0,0,0,0,0,0,0,0,0,0,0,0,0,0,0,0,0,0,0,0,0,1,1,0,0,0,0,0,0,0,0,15:31,0,0,0,0,0,0,0,0,0,0,0,0,0,0,0,0,0,0,0,0,0,0,0,0,0,0,0,0,0,0,0,0,0,0,0,0,0,0,0,0,0,0,0,0,0,0,0,0,0,0,0,0,0,0,0,0,0,0,0,0,0,0,0,0,0,0,0,0,0,0,0,0,0,0,0,0,0,0,0,0,0,0,0,0,0,0,0,0,0,0,0,0,0,0,0,0,0,0,0,0,0,0,0,0,0,0,0,0,0,0,0,0,0,0,0,0,0

#
level103
20,12
0,0,0,0,0,0,0,0,0,0,0,0,0,0,0,0,0,0,0,0,0,0,0,0,0,0,0,0,0,0,0,0,0,0,0,0,0,0,0,0,0,0,0,15:32,0,0,0,0,0,0,0,0,0,0,0,0,0,0,0,0,0,0,0,0,0,0,0,0,0,0,0,0,0,0,0,0,0,0,0,0,14:30,14:30,0,0,0,0,0,0,0,0,0,0,0,0,0,0,0,0,0,0,0,0,0,0,0,0,0,0,0,0,0,0,1,1,0,0,0,0,0,0,0,0,15:31,0,0,0,0,0,0,0,0,0,0,0,0,0,0,0,0,0,0,0,0,0,0,0,0,0,0,0,0,0,0,0,0,0,0,0,0,0,0,0,0,0,0,0,0,0,0,0,0,0,0,0,0,0,0,0,0,0,0,0,0,0,0,0,0,0,0,0,0,0,0,0,0,0,0,0,0,0,0,0,0,0,0,0,0,0,0,0,0,0,0,0,0,0,0,0,0,0,0,0,0,0,0,0,0,0,0,0,0,0,0,0,0,0,0,0,0,0
